{
 "cells": [
  {
   "cell_type": "code",
   "execution_count": 1,
   "id": "04f8a854",
   "metadata": {},
   "outputs": [],
   "source": [
    "import torch.nn as nn\n",
    "import torch\n",
    "from torch.optim import RMSprop\n",
    "import math\n",
    "from dataclasses import dataclass\n",
    "from typing import Optional, Tuple, List, Dict\n",
    "import numpy as np\n",
    "from scipy.optimize import minimize\n",
    "from tqdm import tqdm\n",
    "import pandas as pd\n",
    "import os\n",
    "from datetime import datetime\n",
    "import functions\n",
    "from functions import *\n",
    "from evaluate import *"
   ]
  },
  {
   "cell_type": "code",
   "execution_count": 2,
   "id": "c996c017",
   "metadata": {},
   "outputs": [
    {
     "name": "stdout",
     "output_type": "stream",
     "text": [
      "% of observations removed: 1.05%\n"
     ]
    },
    {
     "data": {
      "application/vnd.microsoft.datawrangler.viewer.v0+json": {
       "columns": [
        {
         "name": "index",
         "rawType": "object",
         "type": "string"
        },
        {
         "name": "REE",
         "rawType": "float64",
         "type": "float"
        },
        {
         "name": "SAM",
         "rawType": "float64",
         "type": "float"
        },
        {
         "name": "HAP",
         "rawType": "float64",
         "type": "float"
        }
       ],
       "ref": "5bc5242d-76a0-4ef1-b713-b684d09ab11f",
       "rows": [
        [
         "count",
         "5951.0",
         "5951.0",
         "5951.0"
        ],
        [
         "mean",
         "0.0010912796127533122",
         "0.0006992991984033923",
         "0.0007700803761068733"
        ],
        [
         "std",
         "0.021411474695274997",
         "0.023732509900508746",
         "0.024893963733018585"
        ],
        [
         "min",
         "-0.06997105493074274",
         "-0.06999876644275715",
         "-0.0699626865671642"
        ],
        [
         "25%",
         "-0.009689088524274747",
         "-0.011620065212613162",
         "-0.012434002527699717"
        ],
        [
         "50%",
         "0.0",
         "0.0",
         "0.0"
        ],
        [
         "75%",
         "0.011761445323983155",
         "0.012037072645464164",
         "0.012855287857850839"
        ],
        [
         "max",
         "0.06996220262358266",
         "0.0699185460709073",
         "0.0699271963910848"
        ]
       ],
       "shape": {
        "columns": 3,
        "rows": 8
       }
      },
      "text/html": [
       "<div>\n",
       "<style scoped>\n",
       "    .dataframe tbody tr th:only-of-type {\n",
       "        vertical-align: middle;\n",
       "    }\n",
       "\n",
       "    .dataframe tbody tr th {\n",
       "        vertical-align: top;\n",
       "    }\n",
       "\n",
       "    .dataframe thead th {\n",
       "        text-align: right;\n",
       "    }\n",
       "</style>\n",
       "<table border=\"1\" class=\"dataframe\">\n",
       "  <thead>\n",
       "    <tr style=\"text-align: right;\">\n",
       "      <th>ticker</th>\n",
       "      <th>REE</th>\n",
       "      <th>SAM</th>\n",
       "      <th>HAP</th>\n",
       "    </tr>\n",
       "  </thead>\n",
       "  <tbody>\n",
       "    <tr>\n",
       "      <th>count</th>\n",
       "      <td>5951.000000</td>\n",
       "      <td>5951.000000</td>\n",
       "      <td>5951.000000</td>\n",
       "    </tr>\n",
       "    <tr>\n",
       "      <th>mean</th>\n",
       "      <td>0.001091</td>\n",
       "      <td>0.000699</td>\n",
       "      <td>0.000770</td>\n",
       "    </tr>\n",
       "    <tr>\n",
       "      <th>std</th>\n",
       "      <td>0.021411</td>\n",
       "      <td>0.023733</td>\n",
       "      <td>0.024894</td>\n",
       "    </tr>\n",
       "    <tr>\n",
       "      <th>min</th>\n",
       "      <td>-0.069971</td>\n",
       "      <td>-0.069999</td>\n",
       "      <td>-0.069963</td>\n",
       "    </tr>\n",
       "    <tr>\n",
       "      <th>25%</th>\n",
       "      <td>-0.009689</td>\n",
       "      <td>-0.011620</td>\n",
       "      <td>-0.012434</td>\n",
       "    </tr>\n",
       "    <tr>\n",
       "      <th>50%</th>\n",
       "      <td>0.000000</td>\n",
       "      <td>0.000000</td>\n",
       "      <td>0.000000</td>\n",
       "    </tr>\n",
       "    <tr>\n",
       "      <th>75%</th>\n",
       "      <td>0.011761</td>\n",
       "      <td>0.012037</td>\n",
       "      <td>0.012855</td>\n",
       "    </tr>\n",
       "    <tr>\n",
       "      <th>max</th>\n",
       "      <td>0.069962</td>\n",
       "      <td>0.069919</td>\n",
       "      <td>0.069927</td>\n",
       "    </tr>\n",
       "  </tbody>\n",
       "</table>\n",
       "</div>"
      ],
      "text/plain": [
       "ticker          REE          SAM          HAP\n",
       "count   5951.000000  5951.000000  5951.000000\n",
       "mean       0.001091     0.000699     0.000770\n",
       "std        0.021411     0.023733     0.024894\n",
       "min       -0.069971    -0.069999    -0.069963\n",
       "25%       -0.009689    -0.011620    -0.012434\n",
       "50%        0.000000     0.000000     0.000000\n",
       "75%        0.011761     0.012037     0.012855\n",
       "max        0.069962     0.069919     0.069927"
      ]
     },
     "metadata": {},
     "output_type": "display_data"
    }
   ],
   "source": [
    "# ticker_list = ['REE', 'SAM', 'HAP', 'GMD', 'GIL', 'TMS', 'SAV', 'DHA', 'MHC', 'HAS'] # 10 stocks with the most observations\n",
    "ticker_list = ['REE', 'SAM', 'HAP'] # 3 stocks with the most observations\n",
    "limits = {\n",
    "    'hose':0.07,\n",
    "    'hnx':0.1,\n",
    "    'upcom':0.15\n",
    "}\n",
    "# Read and merge into 1 dataset\n",
    "\n",
    "if \"stock_data.csv\" in os.listdir(\"data\"):\n",
    "    merged_df = pd.read_csv(\n",
    "        os.path.join(\"data\", \"stock_data.csv\"),\n",
    "        index_col=None\n",
    "    ).assign(\n",
    "        date = lambda df : pd.to_datetime(df[\"date\"])\n",
    "    )\n",
    "else:\n",
    "    # Read and merge data\n",
    "    hnx = pd.read_csv(os.path.join(\"data\", \"CafeF.HNX.Upto31.07.2025.csv\")).assign(\n",
    "        floor = \"hnx\"\n",
    "    )\n",
    "    hsx = pd.read_csv(os.path.join(\"data\", \"CafeF.HSX.Upto31.07.2025.csv\")).assign(\n",
    "        floor = \"hose\"\n",
    "    )\n",
    "    upcom = pd.read_csv(os.path.join(\"data\", \"CafeF.UPCOM.Upto31.07.2025.csv\")).assign(\n",
    "        floor = \"upcom\"\n",
    "    )\n",
    "    indexes = pd.read_csv(os.path.join(\"data\", \"CafeF.INDEX.Upto06.08.2025.csv\")).assign(\n",
    "        floor = \"index\"\n",
    "    )\n",
    "\n",
    "    # Rename columns\n",
    "    hnx, hsx, upcom, indexes = [\n",
    "        df.rename(columns={\n",
    "            \"<Ticker>\":\"ticker\",\n",
    "            \"<DTYYYYMMDD>\":\"date\",\n",
    "            \"<Open>\":\"open\",\n",
    "            \"<High>\":\"high\",\n",
    "            \"<Low>\":\"low\",\n",
    "            \"<Close>\":\"close\",\n",
    "            \"<Volume>\":\"volume\"\n",
    "        }) for df in [hnx, hsx, upcom, indexes]\n",
    "    ]\n",
    "        \n",
    "    # Merge and clean data\n",
    "    # UPCOM has missing tickers for some reason\n",
    "    merged_df = pd.concat(\n",
    "        [hnx, hsx, upcom, indexes],\n",
    "        axis=0\n",
    "    ).reset_index(drop=True).dropna(subset=\"ticker\")\\\n",
    "    .assign(\n",
    "        date=lambda df : df[\"date\"].astype(str).apply(lambda x: datetime.strptime(x, \"%Y%m%d\").date())\n",
    "    )\n",
    "    merged_df.to_csv(\n",
    "        os.path.join(\"data\", \"stock_data.csv\"),\n",
    "        index=False\n",
    "    ) # Save merged data to save time in future runs\n",
    "\n",
    "\n",
    "# Data cleaning and merging\n",
    "\n",
    "data = merged_df[[\"date\", \"ticker\", \"floor\", \"close\"]].sort_values([\"ticker\", \"date\"]).assign(\n",
    "    returns = lambda df : df.groupby(\"ticker\")[\"close\"].pct_change(),\n",
    "    log_returns_pct = lambda df : np.log(df[\"close\"] / df.groupby(\"ticker\")[\"close\"].shift(1))*100\n",
    ")\n",
    "\n",
    "data = data.loc[data[\"ticker\"].str.len()==3] # Eliminate ETF, and indeces\n",
    "\n",
    "data[\"limit\"] = data[\"floor\"].map(limits)\n",
    "outliers = data.loc[data[\"returns\"].abs() > data[\"limit\"]]\n",
    "clean_df = data.drop(outliers.index) # Remove outliers\n",
    "print(f\"% of observations removed: {round((len(outliers)/len(data))*100, 2)}%\")\n",
    "\n",
    "# NOTE: try out different samples of stocks\n",
    "pivoted_df = clean_df.pivot_table(values=\"returns\", index=\"date\", columns=\"ticker\") # Pivot data for better usability\n",
    "pivoted_df = pivoted_df[ticker_list].dropna()\n",
    "\n",
    "display(pivoted_df.describe())\n",
    "train_df, test_df = split_train_test(pivoted_df)"
   ]
  },
  {
   "cell_type": "code",
   "execution_count": 3,
   "id": "38648814",
   "metadata": {},
   "outputs": [],
   "source": [
    "mean_train = train_df.mean()\n",
    "dm_train_df, dm_test_df = train_df - mean_train, test_df - mean_train "
   ]
  },
  {
   "cell_type": "code",
   "execution_count": 4,
   "id": "624c683f",
   "metadata": {},
   "outputs": [],
   "source": [
    "import torch\n",
    "import torch.nn as nn\n",
    "import torch.nn.functional as F"
   ]
  },
  {
   "cell_type": "code",
   "execution_count": null,
   "id": "e1b08b25",
   "metadata": {},
   "outputs": [],
   "source": [
    "# Define LSTM netwrodk to generate dynamic Ct\n",
    "class LSTM_Components(nn.Module):\n",
    "    def __init__(self, input_size: int, hidden_size: int, num_layers:int):\n",
    "        \"\"\"\n",
    "        Initialize LSTM network\n",
    "        Args: \n",
    "            input_size: number of assets\n",
    "            hidden_size: number of features in the hidden state\n",
    "            num_layers: number of recurrent layers\n",
    "        \"\"\"\n",
    "        super(LSTM_Components, self).__init__()\n",
    "        \n",
    "        self.lstm = nn.LSTM(\n",
    "            input_size, hidden_size, num_layers, batch_first=True\n",
    "        )\n",
    "\n",
    "        # The output size is n*(n+1)/2, which is the number of elements in the lower triangular matrix\n",
    "\n",
    "        num_output_elememts = int(input_size * (input_size + 1) / 2)\n",
    "\n",
    "        self.linear = nn.Linear(hidden_size, num_output_elememts)\n",
    "        # Learnable parameter for the Swish activation function\n",
    "        self.beta = nn.Parameter(torch.tensor(1.0))\n",
    "\n",
    "    def forward(self, x: torch.Tensor, h_prev: torch.Tensor, c_prev: torch.Tensor):\n",
    "        \"\"\"\n",
    "        Defines the forward pass of LSTM component\n",
    "        Args:\n",
    "            x: Input tensor of asset returns (demeaned)\n",
    "            h_prev: Previous hidden state\n",
    "            c_prev: previous cell state\n",
    "        Returns:\n",
    "            C_t: Lower triangular matrix C_t\n",
    "            h_new: New hidden state\n",
    "            c_new: New cell state\n",
    "        \"\"\"\n",
    "        # Ensure input is 3D for LSTM, shape (batch_size, seq_length, input_size)\n",
    "        if x.dim() == 2:\n",
    "            x = x.unsqueeze(1)\n",
    "\n",
    "        output, (h_new, c_new) = self.lstm(x, (h_prev, c_prev))\n",
    "\n",
    "        # Pass LSTM output through linear layer\n",
    "        c_t_flat = self.linear(output.squeeze(1))\n",
    "\n",
    "        # Reshape flat vector to a lower triangular matrix C_t\n",
    "        C_t = torch.zeros(\n",
    "            x.shape[2],\n",
    "            x.shape[2],\n",
    "            device=x.device\n",
    "        ) # Initialize matrix n_assets x n_assets\n",
    "        tril_indices = torch.tril_indices(\n",
    "            row=x.shape[2],\n",
    "            col=x.shape[2],\n",
    "            offset=0\n",
    "        ) # Get lower-triangular indices\n",
    "        C_t[tril_indices[0], tril_indices[1]] = c_t_flat.squeeze(0)\n",
    "\n",
    "        # Apply Swish activation to diagonal elements for regularization\n",
    "        diag_indices = range(x.shape[2])\n",
    "        diag_elements = C_t.diag()\n",
    "        swish_activation = diag_elements * torch.sigmoid(self.beta * diag_elements)\n",
    "        C_t[diag_indices, diag_indices] = swish_activation\n",
    "\n",
    "        return C_t, h_new, c_new\n",
    "class LSTM_BEKK(nn.Module):\n",
    "    \"\"\"\n",
    "    defines the full LSTM-BEKK model\n",
    "    \"\"\"\n",
    "    def __init__(self, num_assets:int, hidden_size:int, num_layers:int):\n",
    "        \"\"\"\n",
    "        Initialize LSTM-BEKK model\n",
    "        Args: \n",
    "            num_assets: Number of assets in portfolio\n",
    "            hidden_size: The hidden size for LSTM component\n",
    "            num_layers: Number of layers for LSTM component\n",
    "        \"\"\"\n",
    "        super(LSTM_BEKK, self).__init__()\n",
    "        self.num_assets = num_assets\n",
    "        self.hidden_size = hidden_size\n",
    "        self.num_layers = num_layers\n",
    "\n",
    "        # Initialize LSTM component\n",
    "        self.lstm_component = LSTM_Components(num_assets, hidden_size, num_layers)\n",
    "\n",
    "        # Initialize BEKK parameters\n",
    "        # Static C (lower triangular)\n",
    "        c_init = torch.randn(self.num_assets, self.num_assets)\n",
    "        self.C = nn.Parameter(torch.tril(c_init))\n",
    "\n",
    "        # Scalar parameters a and b\n",
    "        self.a = nn.Parameter(torch.rand(1))\n",
    "        self.b = nn.Parameter(torch.rand(1))\n",
    "\n",
    "    def forward(self, returns: torch.Tensor):\n",
    "        \"\"\"\n",
    "        Defines the forward pass to compute the sequence of covariance matrices\n",
    "        Args:\n",
    "            returns: Tensor of demeaned returns n_periods x n_assets\n",
    "        Returns:\n",
    "            Tensor of conditional covariance matrices of shape (n_periods, n_assets, n_assets)\n",
    "            The final hidden state\n",
    "            The final cell state\n",
    "        \"\"\"\n",
    "        n_periods, n_assets = returns.shape\n",
    "        covariance_list = [] # Container\n",
    "\n",
    "        # Initialize hidden states and cell states\n",
    "        hidden_t = torch.zeros(\n",
    "            self.num_layers, 1, self.hidden_size, device=returns.device\n",
    "        )\n",
    "        cell_t = torch.zeros(\n",
    "            self.num_layers, 1, self.hidden_size, device=returns.device\n",
    "        )\n",
    "\n",
    "        # Initialize H_0 as the unconditional covariance of returns\n",
    "        cov_matrix = torch.cov(returns.T)\n",
    "\n",
    "        # Static covariance component C'C\n",
    "        static_C = self.C @ self.C.T\n",
    "\n",
    "        for t in range(n_periods):\n",
    "            if t > 0:\n",
    "                prev_returns = returns[t-1, :].unsqueeze(0)\n",
    "            else:\n",
    "                prev_returns = torch.zeros_like(returns[0, :]).unsqueeze(0)\n",
    "            \n",
    "            # Get dynamic component C_t from LSTM\n",
    "            C_t, hidden_t, cell_t = self.lstm_component(prev_returns, hidden_t, cell_t)\n",
    "            dynamic_C = C_t @ C_t.T\n",
    "\n",
    "            # Previous shock component\n",
    "            prev_shock = prev_returns.view(-1, 1) @ prev_returns.view(-1, 1).T\n",
    "\n",
    "            # Apply constraints: a, b >=0 and a + b < 1\n",
    "            a_constrained = torch.clamp(self.a, min=0)\n",
    "            b_constrained = torch.clamp(self.b, min=0)\n",
    "            if a_constrained + b_constrained >= 1.0:\n",
    "                total = a_constrained + b_constrained\n",
    "                a_constrained = a_constrained / (total+1e-6)\n",
    "                b_constrained = b_constrained / (total+1e-6)\n",
    "\n",
    "            # Calculate covariance matrix using LSTM-BEKK\n",
    "            cov_matrix = static_C + dynamic_C + a_constrained * prev_shock + b_constrained * cov_matrix\n",
    "            \n",
    "            # Ensure the covariance matrix is positive semi-definite NOTE:????\n",
    "            cov_matrix = (cov_matrix + cov_matrix.T) / 2 \n",
    "\n",
    "            covariance_list.append(cov_matrix)\n",
    "        \n",
    "        return torch.stack(covariance_list), hidden_t, cell_t\n",
    "    \n",
    "def negative_log_likelihood(returns: torch.Tensor, covariance_list: torch.Tensor):\n",
    "    \"\"\"\n",
    "    Calculates the negative log-likelihood for LSTM-BEKK model\n",
    "    Args: \n",
    "        returns: The tensor of demeaned returns\n",
    "        covariance_list: List of conditional covariance matrices\n",
    "    Returns:\n",
    "        Total negative log-likelihood\n",
    "    \"\"\"\n",
    "    n_periods, n_assets = returns.shape\n",
    "    \n",
    "    log_likelihood = 0.0\n",
    "\n",
    "    nll = torch.zeros((), device=returns.device, dtype=returns.dtype)\n",
    "    for t in range(n_periods):\n",
    "        cov_matrix = covariance_list[t]\n",
    "        returns_t = returns[t, :].unsqueeze(1)\n",
    "\n",
    "        cov_matrix = cov_matrix + 1e-6 * torch.eye(n_assets, device=returns.device, dtype=returns.dtype)\n",
    "        # Cholesky factorization\n",
    "        L = torch.linalg.cholesky(cov_matrix)\n",
    "\n",
    "        # Log determinant\n",
    "        logdet_cov = 2.0 *  torch.log(torch.diag(L)).sum()\n",
    "\n",
    "        # Quadratic form\n",
    "        r = returns[t].view(-1, 1)\n",
    "        y = torch.cholesky_solve(r, L)\n",
    "        quad = (r.T @ y).squeeze()\n",
    "\n",
    "        nll = nll + 0.5 * (n_assets * torch.log(torch.tensor(2.0 * torch.pi, device=returns.device, dtype=returns.dtype)) + logdet_cov + quad)\n",
    "\n",
    "\n",
    "        # # Add a small value to the diagnoal for stability\n",
    "        # cov_matrix = cov_matrix + torch.eye(n_assets, device=cov_matrix.device) * 1e-6\n",
    "\n",
    "        # logdet_H = torch.logdet(cov_matrix)\n",
    "        # term_1 = n_assets * np.log(2 * np.pi)\n",
    "        # term_2 = logdet_H\n",
    "        # term_3 = returns_t.T @ torch.inverse(cov_matrix) @ returns_t\n",
    "        # log_likelihood += term_1 + term_2 + term_3\n",
    "\n",
    "    # return 0.5 * log_likelihood\n",
    "    return nll\n",
    "\n",
    "def train_model(\n",
    "    model: nn.Module,\n",
    "    train_data: torch.Tensor,\n",
    "    epochs:int =300,\n",
    "    learning_rate: float =0.001\n",
    "):\n",
    "    \"\"\"\n",
    "    Train LSTM-BEKK Model\n",
    "    Args:\n",
    "        model: LSTM-BEKK model instance\n",
    "        train_data: Training data deameaned returns\n",
    "        epochs: Number of training epochs\n",
    "        learning_rate: learning rate for the optimizer\n",
    "    \"\"\"\n",
    "    # Use RMSprop optimizer\n",
    "    optimizer = torch.optim.RMSprop(model.parameters(), lr=learning_rate)\n",
    "    for epoch in range(epochs):\n",
    "        model.train()\n",
    "\n",
    "        optimizer.zero_grad()\n",
    "\n",
    "        # Forward pass to get covariance matrices\n",
    "        covariance_list, _, _ = model(train_data)\n",
    "\n",
    "        # Calculate loss\n",
    "        loss = negative_log_likelihood(train_data, covariance_list)\n",
    "\n",
    "        # Backward pass and optimization\n",
    "        loss.backward()\n",
    "\n",
    "        # Gradient clipping to prevent exploding gradients\n",
    "        torch.nn.utils.clip_grad_norm_(model.parameters(), max_norm=1.0)\n",
    "\n",
    "        optimizer.step()\n",
    "\n",
    "        if (epoch + 1) % 10 == 0:\n",
    "            print(f\"Epoch [{epoch+1}/{epochs}], Loss: {loss.item():.4f}\")\n",
    "\n",
    "def forecast(\n",
    "    model: nn.Module,\n",
    "    last_return: torch.Tensor,\n",
    "    last_cov: torch.Tensor,\n",
    "    final_h: torch.Tensor,\n",
    "    final_c: torch.Tensor,\n",
    "    n_steps: int\n",
    "):\n",
    "    \"\"\"\n",
    "    Generates n-steps ahead forecasts for the covariance matrix\n",
    "    Args:\n",
    "        model: Trained LSTM-BEKK Model\n",
    "        last_return: Last observed return vector\n",
    "        last_cov: Last estimated covariance matrix\n",
    "        final_h: The final hidden state from training\n",
    "        final_c: The final cell state from training \n",
    "        n_step: Number of steps to forecast ahead\n",
    "    Returns:\n",
    "        A list of forecasted covariance matrices\n",
    "    \"\"\"\n",
    "    model.eval()\n",
    "    cov_matrix_fc = []\n",
    "\n",
    "    # Initialize hidden states and cell states from last training step\n",
    "    hidden_t = final_h\n",
    "    cell_t = final_c\n",
    "    current_r = last_return\n",
    "    current_cov_matrix = last_cov\n",
    "\n",
    "    with torch.no_grad():\n",
    "        for step in range(n_steps):\n",
    "            # Get dynamic component\n",
    "            C_t, hidden_t, cell_t = model.lstm_component(\n",
    "                current_r.unsqueeze(0), hidden_t, cell_t\n",
    "            )\n",
    "            dynamic_C = C_t @ C_t.T\n",
    "\n",
    "            # Shock component\n",
    "            shock = current_r.view(-1, 1) @ current_r.view(-1, 1).T\n",
    "\n",
    "            # Static C\n",
    "            static_C = model.C @ model.C.T\n",
    "\n",
    "            # Constraints\n",
    "            a_constrained = torch.clamp(model.a, min=0)\n",
    "            b_constrained = torch.clamp(model.b, min=0)\n",
    "            if a_constrained + b_constrained >= 1.0:\n",
    "                total = a_constrained + b_constrained\n",
    "                a_constrained = a_constrained / (total + 1e-6)\n",
    "                b_constrained = b_constrained / (total + 1e-6)\n",
    "\n",
    "            # Forecast next covariance matrix\n",
    "            next_cov_matrix = static_C + dynamic_C + a_constrained * shock + b_constrained * current_cov_matrix\n",
    "            cov_matrix_fc.append(next_cov_matrix)\n",
    "\n",
    "            # Update for next iteration\n",
    "            current_cov_matrix = next_cov_matrix\n",
    "            current_r = torch.zeros_like(last_return) # Assume expected return = 0 for forecast\n",
    "        \n",
    "        return cov_matrix_fc"
   ]
  },
  {
   "cell_type": "code",
   "execution_count": 7,
   "id": "ba17107e",
   "metadata": {},
   "outputs": [],
   "source": [
    "# Convert train data to torch.Tensor\n",
    "train_tensor = torch.tensor(dm_train_df.values, dtype=torch.float32)\n",
    "test_tensor = torch.tensor(dm_test_df.values, dtype=torch.float32)"
   ]
  },
  {
   "cell_type": "code",
   "execution_count": 8,
   "id": "a1de2640",
   "metadata": {},
   "outputs": [
    {
     "data": {
      "text/plain": [
       "torch.Size([4760, 3])"
      ]
     },
     "execution_count": 8,
     "metadata": {},
     "output_type": "execute_result"
    }
   ],
   "source": [
    "train_tensor.shape"
   ]
  },
  {
   "cell_type": "code",
   "execution_count": 9,
   "id": "a0b50dfa",
   "metadata": {},
   "outputs": [
    {
     "name": "stdout",
     "output_type": "stream",
     "text": [
      "Starting model training...\n",
      "Epoch [10/300], Loss: 7367.4438\n",
      "Epoch [20/300], Loss: 6279.7266\n",
      "Epoch [30/300], Loss: 5221.8701\n",
      "Epoch [40/300], Loss: 5895.5859\n",
      "Epoch [50/300], Loss: 4882.2236\n",
      "Epoch [60/300], Loss: 4139.1196\n",
      "Epoch [70/300], Loss: 3476.7473\n",
      "Epoch [80/300], Loss: 2941.0015\n",
      "Epoch [90/300], Loss: 2413.7588\n",
      "Epoch [100/300], Loss: 1787.1427\n",
      "Epoch [110/300], Loss: 1036.6809\n",
      "Epoch [120/300], Loss: 171.8401\n",
      "Epoch [130/300], Loss: -827.8760\n",
      "Epoch [140/300], Loss: -2024.1625\n",
      "Epoch [150/300], Loss: -3994.2605\n",
      "Epoch [160/300], Loss: -6410.9673\n",
      "Epoch [170/300], Loss: -10144.2207\n",
      "Epoch [180/300], Loss: -13527.7695\n",
      "Epoch [190/300], Loss: -13927.4668\n",
      "Epoch [200/300], Loss: -14391.7510\n",
      "Epoch [210/300], Loss: -14515.2861\n",
      "Epoch [220/300], Loss: -13862.6191\n",
      "Epoch [230/300], Loss: -13737.2500\n",
      "Epoch [240/300], Loss: -14157.9160\n",
      "Epoch [250/300], Loss: -14466.9424\n",
      "Epoch [260/300], Loss: -14553.6523\n",
      "Epoch [270/300], Loss: -14566.1670\n",
      "Epoch [280/300], Loss: -14621.8945\n",
      "Epoch [290/300], Loss: -14277.9971\n",
      "Epoch [300/300], Loss: -14601.6768\n",
      "Training finished\n"
     ]
    }
   ],
   "source": [
    "\n",
    "# Initialize model\n",
    "n_assets = dm_train_df.shape[1]\n",
    "lstm_bekk = LSTM_BEKK(\n",
    "    num_assets=n_assets,\n",
    "    hidden_size=32,\n",
    "    num_layers=1\n",
    ")\n",
    "\n",
    "# Train model\n",
    "\n",
    "print(\"Starting model training...\")\n",
    "train_model(\n",
    "    model=lstm_bekk,\n",
    "    train_data=train_tensor,\n",
    "    epochs=300,\n",
    "    learning_rate=0.001\n",
    ")\n",
    "print(\"Training finished\")\n",
    "\n",
    "# Get in-sample covariance matrices\n",
    "lstm_bekk.eval()\n",
    "\n",
    "with torch.no_grad():\n",
    "    in_sample_cov_matrices, hidden_final, cell_final = lstm_bekk(train_tensor)\n",
    "\n",
    "# Convert to a list of numpy arrays for easier inspection\n",
    "in_sample_cov_list = [H.detach().numpy() for H in in_sample_cov_matrices]\n"
   ]
  },
  {
   "cell_type": "code",
   "execution_count": null,
   "id": "5810284d",
   "metadata": {},
   "outputs": [
    {
     "name": "stdout",
     "output_type": "stream",
     "text": [
      "\n",
      "BEKK-GARCH MODEL\n",
      "      \n",
      "- Sharpe Ratio = 0.254978288084018\n",
      "- Frobenius norm = 40970.06935437776\n",
      "# - Stein loss = 71657.04748348505\n",
      "# - Correlation loss = 4.924416243762376\n",
      "# - Portfolio aligned loss = 0.004361537064666071\n",
      "\n"
     ]
    }
   ],
   "source": [
    "horizon = 20\n",
    "# Evaluate\n",
    "\n",
    "dates_test = dm_test_df.index\n",
    "\n",
    "lstm_port_returns, lstm_port_vars, lstm_pred_covs, lstm_act_covs = [], [], [], [] # Containers\n",
    "\n",
    "# Loop over test period in 20-days non-overlapping horizons\n",
    "for start in range(0, len(test_tensor) - horizon + 1, horizon):\n",
    "    train_data = torch.cat([train_tensor, test_tensor[:start]])\n",
    "    \n",
    "    last_returns = train_tensor[-1, :]\n",
    "    last_cov_matrix = in_sample_cov_matrices[-1]\n",
    "    \n",
    "    # Forecast x step ahead\n",
    "    cov_list_tensor_fc = forecast(\n",
    "        lstm_bekk, \n",
    "        last_return=last_returns, \n",
    "        last_cov=last_cov_matrix, \n",
    "        final_h=hidden_final,\n",
    "        final_c=cell_final,\n",
    "        n_steps=horizon\n",
    "    )\n",
    "    \n",
    "    cov_list_fc = [H.detach().numpy() for H in cov_list_tensor_fc]\n",
    "    \n",
    "    # Aggregate to 20-days covariance forecast\n",
    "    agg_covariance = sum(cov_list_fc)\n",
    "\n",
    "    # Get MVP weights\n",
    "    mvp_weights, weights_dict = minimum_variance_portfolio(agg_covariance , train_df)\n",
    "\n",
    "    # Realized returns from next 20-days\n",
    "    horizon_return = test_df[start:start+horizon]\n",
    "\n",
    "    # Cummulative return\n",
    "    port_return = np.array(horizon_return) @ mvp_weights\n",
    "    lstm_port_returns.append(port_return.sum())\n",
    "\n",
    "    # Actual covariance\n",
    "    act_covariance =  horizon_return.T @ horizon_return\n",
    "    act_var = mvp_weights.T @ act_covariance @ mvp_weights\n",
    "    lstm_port_vars.append(act_var)\n",
    "    lstm_act_covs.append(act_covariance)\n",
    "    lstm_pred_covs.append(agg_covariance)\n",
    "\n",
    "    # Adjust for next iteration\n",
    "    last_return = np.array(horizon_return.iloc[[-1]])[0]\n",
    "    last_cov_matrix = np.array(lstm_act_covs[-1])\n",
    "\n",
    "lstm_results =  pd.DataFrame({\n",
    "    \"date\":dates_test[horizon-1::horizon][:len(lstm_port_returns)], # End of each horizon\n",
    "    \"realized_return\":lstm_port_returns,\n",
    "    \"realized_variance\":lstm_port_vars \n",
    "})\n",
    "\n",
    "lstm_act_covs = np.array(lstm_act_covs)\n",
    "lstm_pred_covs = np.array(lstm_pred_covs)\n",
    "\n",
    "def frobenius(H_pred, H_act):\n",
    "    errors = np.linalg.norm(\n",
    "        H_pred - H_act, axis=(1,2)\n",
    "    ) ** 2\n",
    "    return errors.mean()\n",
    "\n",
    "lstm_sr = lstm_results[\"realized_return\"].mean()/lstm_results[\"realized_return\"].std()\n",
    "lstm_frob = frobenius(H_pred=lstm_pred_covs, H_act=lstm_act_covs)\n",
    "# lstm_stein = stein_loss(H_pred=lstm_pred_covs, H_true=lstm_act_covs)\n",
    "# lstm_corr_loss = correlation_loss(H_pred=lstm_pred_covs, H_true=lstm_act_covs)\n",
    "# lstm_port_aligned = portfolio_aligned_loss(lstm_pred_covs, lstm_act_covs, mvp_weights)\n",
    "\n",
    "print(f\"\"\"\n",
    "BEKK-GARCH MODEL\n",
    "      \n",
    "- Sharpe Ratio = {lstm_sr}\n",
    "- Frobenius norm = {lstm_frob}\n",
    "- Stein loss = {lstm_stein}\n",
    "- Correlation loss = {lstm_corr_loss}\n",
    "- Portfolio aligned loss = {lstm_port_aligned}\n",
    "\"\"\")\n"
   ]
  },
  {
   "cell_type": "code",
   "execution_count": 37,
   "id": "1108727e",
   "metadata": {},
   "outputs": [],
   "source": [
    "def qlike_loss(H_forecasts, H_realized):\n",
    "    \"\"\"\n",
    "    Compute QLIKE loss for covariance forecasts.\n",
    "    H_forecasts: (T, N, N) predicted cov matrices\n",
    "    H_realized:  (T, N, N) realized cov matrices\n",
    "    \"\"\"\n",
    "    T = H_forecasts.shape[0]\n",
    "    losses = []\n",
    "    for t in range(T):\n",
    "        Hf = H_forecasts[t]\n",
    "        Hr = H_realized[t]\n",
    "        try:\n",
    "            inv_Hf = np.linalg.inv(Hf)\n",
    "            term1 = np.trace(inv_Hf @ Hr)\n",
    "            term2 = np.log(np.linalg.det(Hf))\n",
    "            losses.append(term1 + term2)\n",
    "        except np.linalg.LinAlgError:\n",
    "            continue\n",
    "    return np.mean(losses)"
   ]
  },
  {
   "cell_type": "code",
   "execution_count": 39,
   "id": "30b405bd",
   "metadata": {},
   "outputs": [
    {
     "data": {
      "text/plain": [
       "[array([[2.9203752e-03, 6.6386685e-02, 2.9732024e-02],\n",
       "        [6.6386685e-02, 3.2982743e+00, 1.4445205e+00],\n",
       "        [2.9732024e-02, 1.4445205e+00, 6.3480085e-01]], dtype=float32),\n",
       " array([[3.7294677e-03, 1.0620831e-01, 4.7140915e-02],\n",
       "        [1.0620831e-01, 5.3156581e+00, 2.3268247e+00],\n",
       "        [4.7140915e-02, 2.3268247e+00, 1.0205045e+00]], dtype=float32),\n",
       " array([[3.9058886e-03, 1.3016286e-01, 5.7460517e-02],\n",
       "        [1.3016286e-01, 6.5498304e+00, 2.8659797e+00],\n",
       "        [5.7460517e-02, 2.8659797e+00, 1.2555202e+00]], dtype=float32),\n",
       " array([[3.8855476e-03, 1.4458360e-01, 6.3619956e-02],\n",
       "        [1.4458360e-01, 7.3048601e+00, 3.1955242e+00],\n",
       "        [6.3619956e-02, 3.1955242e+00, 1.3989125e+00]], dtype=float32),\n",
       " array([[3.8210438e-03, 1.5328044e-01, 6.7316622e-02],\n",
       "        [1.5328044e-01, 7.7667570e+00, 3.3969879e+00],\n",
       "        [6.7316622e-02, 3.3969879e+00, 1.4864770e+00]], dtype=float32),\n",
       " array([[3.7566756e-03, 1.5853256e-01, 6.9541812e-02],\n",
       "        [1.5853256e-01, 8.0493221e+00, 3.5201683e+00],\n",
       "        [6.9541812e-02, 3.5201683e+00, 1.5399772e+00]], dtype=float32),\n",
       " array([[3.7057472e-03, 1.6170958e-01, 7.0884779e-02],\n",
       "        [1.6170958e-01, 8.2221785e+00, 3.5954919e+00],\n",
       "        [7.0884779e-02, 3.5954919e+00, 1.5726755e+00]], dtype=float32),\n",
       " array([[3.6668486e-03, 1.6363180e-01, 7.1695127e-02],\n",
       "        [1.6363180e-01, 8.3279228e+00, 3.6415553e+00],\n",
       "        [7.1695127e-02, 3.6415553e+00, 1.5926634e+00]], dtype=float32),\n",
       " array([[3.6388612e-03, 1.6479443e-01, 7.2184049e-02],\n",
       "        [1.6479443e-01, 8.3926115e+00, 3.6697249e+00],\n",
       "        [7.2184049e-02, 3.6697249e+00, 1.6048825e+00]], dtype=float32),\n",
       " array([[3.6045429e-03, 1.6529465e-01, 7.2338074e-02],\n",
       "        [1.6529465e-01, 8.4321766e+00, 3.6869559e+00],\n",
       "        [7.2338074e-02, 3.6869559e+00, 1.6123563e+00]], dtype=float32),\n",
       " array([[3.5643019e-03, 1.6548806e-01, 7.2339594e-02],\n",
       "        [1.6548806e-01, 8.4564447e+00, 3.6973352e+00],\n",
       "        [7.2339594e-02, 3.6973352e+00, 1.6168964e+00]], dtype=float32),\n",
       " array([[3.5465823e-03, 1.6550396e-01, 7.2299600e-02],\n",
       "        [1.6550396e-01, 8.4713020e+00, 3.7036438e+00],\n",
       "        [7.2299600e-02, 3.7036438e+00, 1.6196573e+00]], dtype=float32),\n",
       " array([[3.5731457e-03, 1.6528705e-01, 7.2342098e-02],\n",
       "        [1.6528705e-01, 8.4803104e+00, 3.7076879e+00],\n",
       "        [7.2342098e-02, 3.7076879e+00, 1.6215670e+00]], dtype=float32),\n",
       " array([[3.5589705e-03, 1.6528106e-01, 7.2285429e-02],\n",
       "        [1.6528106e-01, 8.4858046e+00, 3.7100258e+00],\n",
       "        [7.2285429e-02, 3.7100258e+00, 1.6225150e+00]], dtype=float32),\n",
       " array([[3.5435709e-03, 1.6536993e-01, 7.2308213e-02],\n",
       "        [1.6536993e-01, 8.4892063e+00, 3.7115211e+00],\n",
       "        [7.2308213e-02, 3.7115211e+00, 1.6230853e+00]], dtype=float32),\n",
       " array([[3.5370057e-03, 1.6570866e-01, 7.2493821e-02],\n",
       "        [1.6570866e-01, 8.4912987e+00, 3.7124496e+00],\n",
       "        [7.2493821e-02, 3.7124496e+00, 1.6234274e+00]], dtype=float32),\n",
       " array([[3.5527418e-03, 1.6603376e-01, 7.2647855e-02],\n",
       "        [1.6603376e-01, 8.4926052e+00, 3.7130601e+00],\n",
       "        [7.2647855e-02, 3.7130601e+00, 1.6236564e+00]], dtype=float32),\n",
       " array([[3.5711159e-03, 1.6627204e-01, 7.2758749e-02],\n",
       "        [1.6627204e-01, 8.4933987e+00, 3.7134542e+00],\n",
       "        [7.2758749e-02, 3.7134542e+00, 1.6238136e+00]], dtype=float32),\n",
       " array([[3.5735541e-03, 1.6621336e-01, 7.2687164e-02],\n",
       "        [1.6621336e-01, 8.4938755e+00, 3.7137249e+00],\n",
       "        [7.2687164e-02, 3.7137249e+00, 1.6239519e+00]], dtype=float32),\n",
       " array([[3.5456459e-03, 1.6607636e-01, 7.2718836e-02],\n",
       "        [1.6607636e-01, 8.4942074e+00, 3.7136905e+00],\n",
       "        [7.2718836e-02, 3.7136905e+00, 1.6239874e+00]], dtype=float32),\n",
       " array([[3.5335938e-03, 1.6597435e-01, 7.2589204e-02],\n",
       "        [1.6597435e-01, 8.4943190e+00, 3.7137358e+00],\n",
       "        [7.2589204e-02, 3.7137358e+00, 1.6240132e+00]], dtype=float32),\n",
       " array([[3.4696939e-03, 1.6593364e-01, 7.2577178e-02],\n",
       "        [1.6593364e-01, 8.4943905e+00, 3.7137537e+00],\n",
       "        [7.2577178e-02, 3.7137537e+00, 1.6240164e+00]], dtype=float32),\n",
       " array([[3.4360883e-03, 1.6596249e-01, 7.2591797e-02],\n",
       "        [1.6596249e-01, 8.4944420e+00, 3.7138081e+00],\n",
       "        [7.2591797e-02, 3.7138081e+00, 1.6240200e+00]], dtype=float32),\n",
       " array([[3.4252782e-03, 1.6603376e-01, 7.2636835e-02],\n",
       "        [1.6603376e-01, 8.4944725e+00, 3.7138491e+00],\n",
       "        [7.2636835e-02, 3.7138491e+00, 1.6240246e+00]], dtype=float32),\n",
       " array([[3.4083598e-03, 1.6602123e-01, 7.2626941e-02],\n",
       "        [1.6602123e-01, 8.4944782e+00, 3.7138376e+00],\n",
       "        [7.2626941e-02, 3.7138376e+00, 1.6240246e+00]], dtype=float32),\n",
       " array([[3.3955935e-03, 1.6599131e-01, 7.2612122e-02],\n",
       "        [1.6599131e-01, 8.4944839e+00, 3.7138257e+00],\n",
       "        [7.2612122e-02, 3.7138257e+00, 1.6240201e+00]], dtype=float32),\n",
       " array([[3.3986357e-03, 1.6605037e-01, 7.2635807e-02],\n",
       "        [1.6605037e-01, 8.4945402e+00, 3.7139006e+00],\n",
       "        [7.2635807e-02, 3.7139006e+00, 1.6240282e+00]], dtype=float32),\n",
       " array([[3.4653677e-03, 1.6623715e-01, 7.2738931e-02],\n",
       "        [1.6623715e-01, 8.4945745e+00, 3.7139578e+00],\n",
       "        [7.2738931e-02, 3.7139578e+00, 1.6240399e+00]], dtype=float32),\n",
       " array([[3.5152826e-03, 1.6638830e-01, 7.2816849e-02],\n",
       "        [1.6638830e-01, 8.4945917e+00, 3.7140050e+00],\n",
       "        [7.2816849e-02, 3.7140050e+00, 1.6240572e+00]], dtype=float32),\n",
       " array([[3.5481998e-03, 1.6649246e-01, 7.2869293e-02],\n",
       "        [1.6649246e-01, 8.4945984e+00, 3.7140417e+00],\n",
       "        [7.2869293e-02, 3.7140417e+00, 1.6240745e+00]], dtype=float32),\n",
       " array([[3.5716954e-03, 1.6657239e-01, 7.2917759e-02],\n",
       "        [1.6657239e-01, 8.4946041e+00, 3.7140775e+00],\n",
       "        [7.2917759e-02, 3.7140775e+00, 1.6241121e+00]], dtype=float32),\n",
       " array([[3.5863663e-03, 1.6662356e-01, 7.2947487e-02],\n",
       "        [1.6662356e-01, 8.4946051e+00, 3.7140994e+00],\n",
       "        [7.2947487e-02, 3.7140994e+00, 1.6241345e+00]], dtype=float32),\n",
       " array([[3.5926148e-03, 1.6665006e-01, 7.2962403e-02],\n",
       "        [1.6665006e-01, 8.4946032e+00, 3.7141118e+00],\n",
       "        [7.2962403e-02, 3.7141118e+00, 1.6241463e+00]], dtype=float32),\n",
       " array([[3.6087995e-03, 1.6655198e-01, 7.2959162e-02],\n",
       "        [1.6655198e-01, 8.4945602e+00, 3.7140331e+00],\n",
       "        [7.2959162e-02, 3.7140331e+00, 1.6241283e+00]], dtype=float32),\n",
       " array([[3.5928381e-03, 1.6631679e-01, 7.2907560e-02],\n",
       "        [1.6631679e-01, 8.4946022e+00, 3.7138886e+00],\n",
       "        [7.2907560e-02, 3.7138886e+00, 1.6240871e+00]], dtype=float32),\n",
       " array([[3.6023213e-03, 1.6640347e-01, 7.2917104e-02],\n",
       "        [1.6640347e-01, 8.4946012e+00, 3.7139368e+00],\n",
       "        [7.2917104e-02, 3.7139368e+00, 1.6240749e+00]], dtype=float32),\n",
       " array([[3.5382132e-03, 1.6636968e-01, 7.2850093e-02],\n",
       "        [1.6636968e-01, 8.4945869e+00, 3.7139859e+00],\n",
       "        [7.2850093e-02, 3.7139859e+00, 1.6240842e+00]], dtype=float32),\n",
       " array([[3.5741129e-03, 1.6646443e-01, 7.2893247e-02],\n",
       "        [1.6646443e-01, 8.4945841e+00, 3.7140188e+00],\n",
       "        [7.2893247e-02, 3.7140188e+00, 1.6240902e+00]], dtype=float32),\n",
       " array([[3.6003087e-03, 1.6654202e-01, 7.2926708e-02],\n",
       "        [1.6654202e-01, 8.4945812e+00, 3.7140431e+00],\n",
       "        [7.2926708e-02, 3.7140431e+00, 1.6240973e+00]], dtype=float32),\n",
       " array([[3.6218129e-03, 1.6662636e-01, 7.2956190e-02],\n",
       "        [1.6662636e-01, 8.4946022e+00, 3.7140799e+00],\n",
       "        [7.2956190e-02, 3.7140799e+00, 1.6241097e+00]], dtype=float32),\n",
       " array([[3.6393804e-03, 1.6669610e-01, 7.2991177e-02],\n",
       "        [1.6669610e-01, 8.4946156e+00, 3.7141159e+00],\n",
       "        [7.2991177e-02, 3.7141159e+00, 1.6241421e+00]], dtype=float32),\n",
       " array([[3.6487947e-03, 1.6673982e-01, 7.3011637e-02],\n",
